20,25
1,16,15,20,15,18,10,15,6,5
17,1,11,8,9,20,7,3,11,12,6
17,1,17,5,3,7,15,2,12,17
11,6,1,15,15,4,6,6,17,12,7
12,2,1,16,10,14,19,10,14,7
14,13,15,1,18,20,12,7,18,6,6
8,12,18,1,18,19,14,13,20,13
19,13,12,16,1,19,18,4,15,10,3
12,11,16,6,1,6,15,7,16,20
8,8,12,15,20,1,16,7,16,10,18
19,18,15,5,10,1,3,16,5,15
16,8,10,8,6,11,1,2,11,12,2
16,7,19,19,5,4,1,18,11,11
2,4,19,15,16,14,5,1,20,16,7
7,5,2,18,2,9,8,1,9,3
14,11,14,12,12,2,13,6,1,20,9
8,8,19,11,10,9,2,3,1,9
10,10,4,2,19,5,20,11,4,1,4
6,10,14,14,19,9,2,5,19,1
14,12,11,16,3,19,2,10,14,19,1
8,5,2,18,8,17,6,9,17,11
