20,25
1,12,8,14,3,8,16,4,11,3,14
14,1,11,12,12,13,7,15,7,10,14,20
5,1,4,16,16,14,4,9,6,17,18
9,4,1,17,10,2,2,9,5,9,13,15
7,12,1,19,7,13,16,18,10,7,20
10,4,17,1,12,4,11,2,10,4,5,8
2,7,6,1,3,11,8,13,7,10,17
2,10,2,13,1,5,6,14,13,18,15,15
6,7,2,2,1,16,19,2,17,2,18
10,16,7,12,8,1,6,14,20,7,19,11
18,20,18,3,4,1,4,15,8,15,19
10,6,8,6,6,6,1,5,10,13,10,9
13,17,19,18,20,7,1,17,6,4,14
13,19,8,18,14,18,14,1,17,7,5,18
15,8,15,2,20,14,16,1,2,17,6
20,18,16,15,11,11,15,7,1,13,9,17
9,4,14,5,17,18,7,5,1,9,15
14,3,13,8,17,11,7,13,7,1,6,11
12,19,5,2,5,18,19,18,15,1,9
12,8,4,19,7,3,3,19,19,19,1,7
18,6,16,3,10,12,11,19,3,8,1
11,20,14,6,18,16,7,8,6,11,10,1
8,8,15,2,5,13,12,2,9,15,20
