20,25
1,17,4,17,12,5,3,12,20,5,17,14
16,1,3,19,13,19,19,9,12,13,2,7,18
13,1,4,7,9,6,8,13,14,15,17,3
6,3,1,15,16,7,19,10,11,2,19,5,8
15,3,1,3,15,3,15,17,12,12,9,4
15,19,4,1,4,16,17,6,16,18,17,20,8
20,13,20,1,14,15,13,4,12,12,9,15
7,8,3,19,1,18,9,4,8,4,12,10,7
11,6,9,13,1,13,14,10,9,11,2,18
15,8,17,17,12,1,16,17,7,9,12,9,5
11,15,12,18,5,1,5,8,20,6,2,12
13,6,4,16,19,16,1,18,10,16,14,15,11
16,3,17,8,7,13,1,8,3,13,10,9
8,17,7,20,20,5,10,1,7,17,11,17,16
18,15,16,9,8,7,16,1,16,7,8,14
15,18,13,12,9,2,20,17,1,20,19,10,20
4,3,6,19,13,13,13,7,1,13,9,12
4,5,14,6,5,4,17,2,2,1,3,13,9
3,7,16,2,9,2,10,11,15,1,7,13
2,9,7,4,15,16,17,8,10,15,1,7,11
7,17,8,8,14,8,19,14,6,11,1,6
4,20,3,9,13,12,18,17,9,8,5,1,2
14,12,9,3,6,4,6,4,16,19,4,1
4,14,20,5,6,9,9,13,12,7,5,19,1
20,13,12,2,18,14,7,10,3,4,12,14
