20,25
1,12,16,13,9,20,2,20,17,14,20,20,6
16,1,2,8,5,10,6,17,16,13,18,20,20,3
5,1,13,18,13,17,4,14,16,3,4,5,17
9,9,1,11,8,15,7,20,7,15,2,6,4,4
17,15,1,11,9,15,15,10,20,2,8,8,16
5,18,2,1,2,3,7,3,2,15,14,7,16,8
8,9,3,1,17,6,7,2,8,17,6,5,8
7,8,6,19,1,17,11,11,19,10,13,5,8,15
8,9,6,15,1,4,8,19,12,14,3,20,19
20,6,4,18,10,1,19,12,5,17,16,20,2,9
3,17,11,9,3,1,9,14,14,15,14,15,16
19,7,7,20,20,12,1,8,8,17,4,13,8,7
7,20,2,16,16,10,1,9,20,10,18,10,20
18,8,5,11,7,10,8,1,16,19,18,6,20,10
6,17,14,8,16,10,2,1,6,7,12,12,16
10,8,9,8,8,12,16,7,1,2,18,4,9,4
4,5,7,5,12,9,6,17,1,9,7,11,13
20,13,4,19,15,11,19,5,20,1,19,18,19,6
19,19,7,12,20,3,7,12,9,1,2,17,8
4,18,9,4,18,16,20,15,11,13,1,2,4,10
13,3,17,5,2,7,14,4,19,5,1,15,8
4,16,11,3,20,15,17,17,19,13,16,1,15,10
13,18,15,19,11,8,13,5,5,14,16,1,19
6,16,3,9,16,4,12,2,20,7,4,16,1,3
5,14,18,17,13,16,3,3,4,2,18,7,1
18,12,18,20,6,13,14,12,10,14,9,14,4,1
5,7,9,11,16,11,20,17,14,12,12,13,6
