20,25
1,17,4,11,10,19,11,9,19,8,18,19,18,8
10,1,7,16,9,9,10,12,3,10,13,11,20,15,9
17,1,19,18,17,7,13,5,7,20,5,5,8,5
18,20,1,16,9,9,5,13,18,9,3,10,15,14,11
15,16,1,20,8,11,12,11,3,19,17,15,8,18
10,12,5,1,12,5,19,13,2,5,12,10,18,12,8
9,5,8,1,19,5,9,7,12,4,19,14,13,15
9,12,7,10,1,6,18,5,9,2,4,14,19,18,14
20,7,11,2,1,20,18,17,14,10,19,3,14,18
11,5,5,6,14,1,3,2,19,2,20,16,12,14,2
7,20,9,19,14,1,5,3,6,3,4,15,16,16
6,8,11,18,3,5,1,14,12,17,8,4,14,3,20
5,4,20,3,16,16,1,10,4,2,12,19,6,18
8,12,2,10,8,8,13,1,11,4,14,7,19,11,14
17,4,2,5,9,11,8,1,2,6,9,9,20,2
20,20,6,2,20,20,12,16,1,20,13,19,6,11,16
18,10,16,5,20,20,11,9,1,6,9,17,16,17
20,14,12,13,6,15,7,3,8,1,14,4,12,9,8
12,18,18,11,4,7,13,14,6,1,20,3,5,17
20,14,11,6,9,11,4,11,19,10,1,8,14,18,20
18,8,19,4,11,2,12,2,4,8,1,12,12,16
6,8,19,20,14,2,18,12,11,13,4,1,12,16,8
20,17,20,13,6,14,5,16,17,4,18,1,9,9
13,14,5,20,13,11,8,12,17,7,15,15,1,6,9
17,14,5,11,14,2,11,11,4,7,14,5,1,2
2,2,11,7,8,2,12,4,4,5,5,20,10,1,5
14,13,20,9,9,7,18,6,4,10,12,6,12,1
6,12,10,17,3,16,3,8,4,18,20,20,7,14,1
8,7,9,3,3,11,8,17,19,5,9,13,20,4
