20,25
1,19,7,20,2,7,12,6,9,8,14,8,4,15,15
14,1,18,7,14,20,3,15,12,10,4,10,20,8,3,6
9,1,7,18,14,13,6,11,9,3,4,7,17,18,10
3,5,1,14,2,20,13,17,13,5,16,11,11,9,7,7
12,12,1,18,14,5,10,15,12,12,3,9,13,6,17
4,19,9,1,4,14,17,14,3,14,12,16,10,19,18,9
17,5,14,1,19,20,6,13,16,18,17,18,14,19,14
6,15,16,3,1,13,10,7,14,18,19,17,19,3,13,17
18,16,20,20,1,11,18,6,18,15,20,8,17,19,19
8,15,7,7,11,1,6,19,13,12,18,2,11,13,19,13
13,6,15,4,7,1,12,20,19,5,8,18,13,13,19
14,6,5,15,5,14,1,15,8,6,16,9,3,10,5,6
16,5,5,12,9,7,1,12,13,10,7,19,18,18,7
17,15,13,11,6,12,14,1,3,20,18,8,19,4,16,16
18,16,9,16,7,17,3,1,8,13,10,3,7,7,3
2,20,20,4,2,13,16,17,1,4,3,5,2,2,2,6
13,9,11,6,4,13,9,10,1,8,14,9,18,3,15
15,8,8,14,11,4,19,5,4,1,3,4,9,16,11,12
8,17,10,9,12,19,11,13,16,1,7,20,16,8,4
10,7,5,20,14,7,9,18,15,17,1,2,7,18,8,9
2,14,17,10,5,16,2,12,9,6,1,4,14,18,4
12,5,8,11,5,19,8,7,2,16,5,1,7,18,6,10
15,2,11,11,13,12,4,13,9,12,11,1,8,11,8
3,4,10,9,18,4,3,12,17,2,8,12,1,16,11,16
12,19,12,19,2,4,18,16,5,9,17,2,1,6,12
10,13,9,15,15,4,18,5,17,10,4,11,3,1,3,15
4,18,7,9,8,3,11,7,18,2,13,6,6,1,19
17,9,9,2,12,2,4,16,2,4,16,4,8,3,1,3
3,9,16,6,5,4,14,15,10,7,14,13,13,9,1
9,10,7,9,9,4,19,19,17,3,7,16,3,16,18,1
11,12,8,16,4,15,20,6,13,12,13,19,4,13,17
