20,25
1,3,3,4,12,10,6,16,13,14,13,13,6,13,12,7
12,1,10,5,5,7,15,9,2,7,19,13,13,6,10,3,2
4,1,4,20,10,2,13,5,10,10,14,2,10,12,5,6
6,9,1,9,17,4,5,6,14,13,3,10,17,11,19,5,10
8,12,1,18,11,3,16,4,14,11,18,12,6,8,8,17
15,10,4,1,19,3,6,8,2,11,11,9,16,20,19,3,11
12,10,11,1,17,6,5,17,2,12,9,2,5,20,13,16
16,4,8,20,1,20,11,2,19,17,16,17,11,3,7,7,17
15,13,12,5,1,12,15,15,17,5,14,3,2,6,9,9
4,9,6,19,16,1,16,14,10,4,6,6,14,16,3,4,4
2,12,11,2,12,1,6,8,12,14,9,7,12,7,15,20
10,5,13,11,13,6,1,11,16,7,18,6,15,13,2,11,9
12,13,8,7,10,13,1,19,5,16,14,8,9,5,19,11
7,13,15,17,4,5,20,1,11,8,5,15,13,17,12,14,3
11,5,3,14,7,3,12,1,18,19,13,8,4,15,13,7
19,9,5,4,4,16,7,13,1,19,5,13,11,4,4,10,18
14,7,7,6,10,17,8,4,1,14,4,15,20,11,18,4
16,2,11,10,17,2,6,2,13,1,19,13,9,2,20,12,9
5,2,13,6,11,15,8,4,8,1,4,3,6,3,5,20
18,12,20,3,8,15,4,11,20,6,1,18,8,7,18,3,19
11,4,10,8,6,19,3,18,5,17,1,19,15,16,2,5
7,11,16,9,14,15,19,9,18,5,3,1,5,17,6,16,5
13,18,17,3,19,18,2,20,4,8,6,1,16,8,17,18
9,17,2,16,18,9,11,15,5,20,17,3,1,16,6,9,10
15,13,17,19,19,17,12,15,7,11,17,13,1,16,17,2
3,4,6,6,8,12,16,15,5,12,4,8,2,1,5,2,7
12,8,6,17,11,2,7,19,13,2,10,6,15,1,19,16
3,7,19,17,9,9,9,18,4,3,16,4,17,6,1,19,10
17,8,17,13,2,17,9,10,2,7,16,12,19,3,1,4
9,18,11,12,16,7,3,15,19,7,14,3,14,5,13,1,14
16,19,3,14,9,11,6,10,4,16,7,10,4,19,11,1
12,4,4,3,7,17,7,20,3,6,9,5,9,6,3,15,1
17,3,9,6,16,11,4,4,15,16,15,8,5,20,9,13
