20,25
1,9,17,13,6,3,10,13,16,10,17,8,19,7,6,2,13
9,1,10,16,17,8,16,15,2,9,16,4,4,8,10,8,9,9
10,1,13,2,3,16,19,19,7,5,9,5,6,20,20,17,12
18,20,1,14,11,6,20,16,3,8,10,5,9,9,9,5,11,8
13,20,1,8,12,6,18,3,11,7,7,13,5,5,15,12,20
17,6,4,1,15,6,12,5,3,14,2,5,18,19,2,20,14,5
9,17,3,1,20,6,7,8,9,7,15,19,13,11,15,4,10
13,5,4,20,1,17,18,9,10,6,13,5,8,5,6,4,15,16
2,13,10,4,1,18,20,14,12,5,12,3,8,2,3,16,17
17,5,7,19,9,1,18,11,11,7,9,3,4,15,14,16,5,11
8,12,9,17,3,1,16,7,17,9,10,4,12,11,13,15,14
20,12,20,2,15,18,1,15,2,5,14,17,3,12,4,15,18,7
16,10,19,5,12,6,1,17,10,19,12,15,20,11,4,19,2
2,2,18,20,4,6,6,1,19,19,6,4,11,9,13,5,6,19
4,12,8,18,6,19,14,1,13,7,8,7,4,10,2,19,20
6,20,4,12,5,5,14,19,1,2,10,9,2,3,2,18,20,12
7,14,13,2,7,5,8,6,1,4,19,3,17,20,3,3,16
14,7,16,3,19,16,13,11,19,1,3,20,9,16,7,9,19,8
17,14,15,10,11,13,20,10,11,1,10,5,18,20,18,15,9
14,16,3,14,20,8,2,9,14,3,1,14,7,20,18,2,5,8
7,10,3,15,4,19,2,9,20,10,1,17,17,19,5,12,16
14,8,6,19,11,12,18,5,10,6,15,1,19,2,7,19,9,13
10,13,13,3,7,2,10,6,17,18,17,1,6,3,3,9,19
4,5,2,5,15,15,11,10,4,5,20,19,1,10,13,7,3,2
14,3,7,3,7,3,19,13,15,4,4,12,1,6,11,12,19
20,8,5,12,18,12,19,11,20,20,5,14,9,1,5,15,10,12
7,12,19,3,11,12,16,13,16,12,7,10,4,1,13,6,14
16,11,7,12,4,13,18,13,12,3,16,17,8,13,1,7,11,9
14,17,13,6,14,14,8,5,10,14,8,17,2,10,1,4,13
5,7,4,15,4,2,19,4,11,8,3,17,17,5,11,1,15,6
4,10,10,11,16,4,2,14,19,2,7,18,2,3,15,1,17
13,18,6,3,2,5,13,8,16,11,17,17,12,2,18,6,1,9
3,4,13,8,2,17,4,19,16,19,3,6,8,16,4,8,1
6,4,5,18,7,19,2,11,15,13,15,8,5,12,15,3,16,1
12,17,12,3,3,2,6,15,11,10,15,12,20,5,10,12,20
