20,25
1,13,14,6,6,20,12,7,17,11,4,3,18,11,7,4,11,16
17,1,16,14,15,9,19,17,11,11,7,5,8,19,15,11,3,14,13
5,1,2,12,11,11,10,11,3,17,16,6,9,2,13,9,18,16
19,14,1,8,10,15,2,9,15,5,3,16,18,3,15,7,2,12,3
7,14,1,17,19,10,7,9,8,18,16,2,5,13,20,9,11,4
18,10,7,1,10,11,4,16,4,5,15,7,4,7,5,11,9,10,13
3,5,2,1,7,6,4,3,6,15,18,8,6,10,18,16,17,8
14,7,9,20,1,12,4,5,7,7,20,12,16,9,15,5,5,20,19
15,6,17,6,1,15,10,6,4,9,4,7,10,8,15,13,5,5
6,6,13,20,10,1,4,6,7,11,9,16,18,7,20,3,8,16,2
18,13,9,16,4,1,5,18,17,3,15,3,5,6,15,9,14,11
9,2,18,15,19,9,1,19,9,17,6,14,12,12,16,5,14,7,16
6,8,8,8,9,14,1,20,8,17,3,13,12,8,13,18,15,14
20,8,11,3,18,19,12,1,5,12,7,9,11,14,10,5,14,5,5
20,7,19,15,20,5,11,1,16,9,7,12,14,6,2,20,12,11
20,16,8,3,6,3,12,8,1,17,18,2,6,13,13,15,19,2,14
10,10,16,12,9,5,20,6,1,6,14,20,3,20,6,8,13,20
14,4,4,18,15,8,11,8,5,1,3,10,19,6,8,8,2,8,19
14,10,13,17,3,11,6,9,20,1,10,13,19,6,15,10,20,5
7,13,8,16,6,7,3,15,9,17,1,9,17,14,15,19,9,18,10
18,10,13,10,13,3,14,4,16,7,1,3,11,18,17,5,12,3
18,11,2,7,11,9,10,16,8,19,17,1,19,10,18,18,16,12,18
14,12,19,5,2,3,8,14,2,9,16,1,4,4,11,9,6,5
5,17,16,12,18,20,6,7,12,4,8,12,1,20,10,6,11,4,17
7,7,14,2,3,5,7,9,11,6,5,11,1,9,16,7,4,8
2,4,17,6,18,18,20,7,12,6,4,8,11,1,19,13,11,15,13
8,11,12,19,13,8,20,12,8,12,9,14,3,1,10,9,15,3
10,5,16,4,6,7,4,3,8,8,9,16,18,20,1,18,18,2,3
13,18,2,12,10,11,3,13,18,10,19,16,13,15,1,17,3,10
6,18,3,14,15,9,13,7,8,18,17,15,4,5,7,1,7,2,16
18,3,7,6,5,5,8,9,2,2,4,17,2,19,10,1,17,3
6,15,3,20,17,11,9,14,17,15,5,14,18,7,8,5,1,10,18
7,19,2,13,2,12,16,12,8,3,15,12,7,15,6,7,1,7
13,7,16,9,17,10,11,18,5,18,10,10,7,8,20,11,16,1,16
16,15,13,7,2,16,6,18,14,10,5,13,11,2,16,11,5,1
10,16,6,11,18,9,11,4,15,5,5,13,3,17,20,4,16,19,1
17,19,8,12,7,10,12,13,11,20,17,2,18,10,12,17,14,6
