20,25
1,2,8,2,2,10,20,13,8,2,7,9,13,5,20,4,12,15,3
16,1,18,18,3,18,10,5,4,19,2,6,15,3,6,15,19,10,9,2
20,1,10,10,13,19,7,17,10,19,19,12,16,14,18,17,6,13,13
20,13,1,20,20,12,19,3,5,4,3,13,15,8,18,18,3,6,7,15
17,3,1,14,13,20,17,2,10,7,19,4,5,16,11,20,20,9,18
2,19,17,1,4,3,13,6,12,18,20,10,2,18,3,18,14,19,11,12
10,18,8,1,3,2,19,5,19,19,16,11,5,18,10,3,15,13,17
15,15,13,6,1,7,18,5,8,18,13,14,7,11,4,14,18,13,17,13
18,12,9,10,1,19,6,19,5,17,12,4,12,6,18,3,6,2,3
9,18,10,18,17,1,5,17,3,15,19,16,18,9,12,3,8,6,7,20
5,13,20,8,4,1,10,8,10,7,16,13,14,8,10,14,20,6,7
2,7,15,5,4,18,1,18,6,9,14,9,5,12,4,16,16,2,18,7
15,18,20,2,2,4,1,3,8,13,15,14,15,15,10,8,15,2,18
12,6,3,16,19,12,2,1,6,15,19,7,3,20,16,11,13,5,5,15
9,12,2,11,9,10,7,1,20,5,7,16,17,18,9,2,15,19,4
11,8,6,17,15,2,10,4,1,9,10,4,2,2,11,11,5,5,2,12
15,4,8,5,5,20,10,17,1,2,3,13,10,13,14,11,20,20,13
18,8,5,7,17,20,4,9,19,1,16,6,20,10,4,14,14,12,15,5
6,19,11,9,2,16,7,5,18,1,19,2,10,17,12,17,14,17,17
17,6,3,3,13,7,10,15,9,14,1,14,16,10,16,9,10,14,17,18
11,2,10,16,3,8,9,12,3,16,1,4,7,11,11,5,16,4,13
9,5,12,10,19,3,15,15,20,5,2,1,11,14,5,10,16,12,6,2
15,15,4,10,10,5,2,9,17,19,4,1,6,4,8,4,6,7,14
20,11,2,18,13,9,10,18,7,9,7,10,1,6,10,18,15,10,12,20
5,14,12,2,18,20,4,9,17,7,9,5,1,16,11,2,13,16,12
2,12,20,14,19,2,11,9,8,11,13,8,17,1,3,5,7,19,19,14
18,12,17,6,5,19,14,9,15,5,18,13,15,1,17,12,15,6,10
18,14,17,10,18,6,10,6,12,10,15,5,5,5,1,7,18,16,10,13
8,5,11,8,16,7,8,15,8,7,5,15,9,7,1,12,17,16,16
8,9,2,9,5,20,3,18,3,2,19,9,7,14,7,1,19,2,5,6
18,9,8,16,7,7,7,8,10,2,20,17,13,5,10,1,19,17,2
16,5,14,17,12,12,16,2,14,10,5,3,16,8,8,14,1,20,11,7
10,7,18,12,8,17,9,8,20,3,16,3,15,13,9,5,1,15,6
3,6,19,2,12,4,18,10,17,12,15,15,14,7,17,15,7,1,2,8
9,3,4,18,8,17,5,19,4,18,14,17,12,17,18,3,17,1,11
18,4,15,3,3,2,19,12,20,4,9,5,13,14,5,12,9,11,1,9
12,9,8,9,14,16,6,13,16,9,18,13,19,9,4,20,6,10,1
2,17,3,18,11,3,4,12,14,8,8,17,11,18,19,3,10,16,15,1
7,14,3,17,16,2,13,17,9,6,13,20,16,12,7,18,20,20,17
