20,25
1,19,8,7,20,3,15,7,9,10,12,2,9,20,6,14,19,10,3,13
9,1,17,18,11,9,7,4,5,15,15,6,5,9,10,9,12,17,11,2,16
12,1,8,12,16,8,11,15,14,4,3,18,10,11,4,15,15,19,18,14
5,10,1,11,10,5,16,14,20,3,6,9,19,11,18,7,18,17,14,8,10
20,8,1,14,5,8,5,16,17,11,15,15,18,7,7,13,15,5,13,16
7,6,8,1,13,4,2,10,20,7,9,7,9,4,4,11,8,11,9,12,17
5,18,7,1,8,19,10,19,13,4,2,7,5,2,15,19,12,14,2,3
20,11,17,6,1,18,15,13,7,12,12,4,4,20,17,9,5,2,7,7,18
11,16,9,11,1,3,16,18,20,20,19,5,10,6,4,12,9,13,13,3
11,5,2,9,11,1,3,10,5,8,2,10,19,10,6,19,14,14,6,6,6
11,17,6,17,12,1,10,2,7,9,5,13,10,4,6,19,7,12,12,19
4,15,8,16,14,5,1,8,19,8,9,2,18,18,7,4,18,17,10,14,19
20,15,12,10,16,20,1,18,4,2,19,18,4,8,5,11,18,8,4,14
17,17,10,4,20,12,13,1,16,10,7,16,20,17,17,19,11,18,14,5,12
3,12,20,20,10,13,3,1,20,7,17,13,12,14,7,20,20,7,19,5
6,12,4,12,14,6,10,19,1,10,19,15,2,15,10,8,4,11,17,18,16
18,11,18,7,17,16,10,14,1,4,15,5,2,6,11,7,17,10,4,6
2,8,17,4,13,5,5,12,16,1,10,10,16,11,7,8,11,20,17,14,19
10,3,12,4,18,11,7,8,2,1,4,8,8,3,2,6,20,9,19,9
18,5,15,4,14,12,7,9,15,8,1,18,6,6,18,3,3,19,12,3,12
15,16,12,14,7,17,7,18,17,18,1,3,5,13,6,9,16,6,16,5
16,19,8,5,15,3,6,10,7,14,8,1,9,5,3,3,3,10,4,9,18
15,14,7,16,18,5,13,17,7,14,14,1,3,12,18,10,13,14,6,13
16,14,4,13,8,3,9,11,14,19,16,15,1,20,14,6,16,14,3,12,9
11,11,4,5,9,18,10,16,5,16,13,14,1,15,8,5,5,16,19,16
7,6,12,2,18,6,20,14,12,15,14,9,13,1,10,12,7,12,11,13,11
16,7,16,11,5,12,16,18,6,11,11,9,7,1,9,20,5,15,13,13
10,4,13,7,5,13,14,2,12,16,7,9,2,16,1,15,18,12,15,10,5
13,9,4,15,6,15,9,16,3,8,17,13,4,20,1,7,7,5,13,8
19,16,9,18,7,20,19,7,19,20,13,15,8,10,3,1,16,8,20,14,15
7,9,17,17,14,20,16,15,15,14,6,4,14,6,18,1,12,13,9,17
10,15,8,16,7,12,19,20,8,9,20,9,16,16,4,5,1,7,3,15,15
2,18,14,12,11,17,14,8,7,7,6,14,9,14,6,15,1,15,5,7
13,15,15,8,20,8,7,11,3,19,9,7,6,20,18,13,18,1,3,19,20
2,4,2,12,12,16,13,3,17,8,12,6,10,14,5,14,20,1,9,7
17,4,14,6,5,2,10,20,20,4,6,15,12,11,8,14,9,19,1,19,6
17,13,6,12,5,16,15,14,8,12,12,15,5,10,17,17,5,11,1,10
20,4,18,13,8,8,8,4,14,15,20,9,18,19,16,19,4,20,18,1,11
16,9,11,10,17,11,6,10,3,8,18,10,3,8,11,12,11,9,7,1
16,17,15,3,20,8,7,18,7,6,12,12,12,8,4,20,5,7,6,6,1
5,20,18,5,8,19,10,17,19,11,9,9,3,14,6,6,4,4,15,18
