20,25
1,15,16,9,19,20,20,13,19,13,19,19,20,14,7,7,8,15,6,10,16
2,1,2,12,11,2,20,16,8,18,17,2,11,11,19,14,7,8,8,18,19,2
20,1,19,10,14,11,4,4,9,6,7,7,13,13,16,15,10,7,16,7,19
11,14,1,4,18,14,7,6,2,18,8,7,16,12,11,4,5,20,10,3,8,4
15,20,1,13,6,4,8,20,8,6,20,15,3,12,9,9,9,6,20,6,20
20,17,19,1,4,19,12,15,2,10,5,16,17,19,12,14,18,16,11,13,5,17
2,6,7,1,11,12,15,11,13,9,9,17,2,12,3,7,10,18,2,8,11
2,20,5,12,1,3,5,8,7,17,6,19,17,16,17,14,14,13,7,6,8,16
5,10,19,3,1,19,7,15,5,15,11,17,7,14,12,15,9,13,18,16,2
17,20,19,8,18,1,3,2,19,16,14,10,5,2,19,5,3,18,12,4,8,7
19,13,7,11,2,1,18,11,5,2,20,16,18,3,15,5,13,9,4,10,3
8,12,12,7,17,12,1,3,12,6,5,15,14,17,7,6,5,14,16,5,2,12
10,7,18,18,12,20,1,2,12,9,12,6,10,19,8,9,13,18,5,12,19
4,15,17,16,3,11,4,1,7,4,8,9,16,20,8,17,16,2,14,8,9,16
7,12,17,20,17,8,17,1,5,10,5,5,4,6,6,12,10,3,17,11,19
5,12,17,5,13,8,10,7,1,18,5,11,5,16,12,12,2,18,9,19,12,18
10,9,12,18,7,3,11,4,1,2,17,18,9,5,7,2,18,17,2,11,10
14,10,4,2,16,4,19,20,5,1,16,15,7,11,12,6,12,7,15,19,6,2
15,20,11,7,9,13,13,14,10,1,8,4,5,2,8,19,17,3,2,9,16
13,9,3,2,13,4,6,7,11,9,1,10,15,9,9,17,3,11,20,13,15,2
4,9,12,13,12,16,6,20,16,18,1,15,10,15,2,14,12,3,8,15,9
17,9,7,18,4,6,10,5,3,17,19,1,20,20,19,17,12,20,7,19,2,4
15,17,4,5,19,7,12,4,12,10,7,1,6,10,3,19,2,12,16,4,11
19,2,18,15,5,15,13,13,8,9,6,10,1,7,12,13,5,5,4,13,11,9
13,5,19,16,7,6,3,8,11,8,9,4,1,2,20,20,18,9,2,7,5
9,17,20,9,13,18,3,4,16,8,2,8,3,1,15,5,18,13,8,18,17,6
18,2,20,9,18,15,12,14,7,3,4,19,8,1,20,13,5,5,16,10,18
12,2,20,19,7,19,20,14,10,2,8,14,18,18,1,2,6,3,13,13,12,13
19,7,19,13,13,11,11,17,2,17,17,11,19,2,1,2,16,14,14,15,20
3,7,16,8,2,7,14,17,8,20,8,10,14,20,20,1,17,2,11,14,16,12
17,9,13,3,3,19,5,7,19,18,5,4,20,3,11,1,5,10,11,16,5
5,5,18,12,6,16,14,15,20,9,11,11,17,8,12,11,1,2,7,4,20,16
6,2,5,4,11,19,8,12,11,18,7,7,4,5,15,12,1,14,4,18,6
13,4,19,10,13,5,4,7,10,10,17,3,12,13,4,8,10,1,6,15,2,13
2,19,13,8,2,13,10,11,16,16,14,13,2,7,12,12,20,1,13,20,5
10,14,12,7,17,8,5,3,16,12,2,13,9,18,6,2,10,2,1,3,3,16
14,3,2,12,7,3,15,10,17,9,9,3,7,5,7,12,16,20,1,17,16
18,14,13,8,12,8,7,5,10,19,6,16,20,19,7,9,12,11,5,1,12,18
11,7,17,2,15,17,2,4,18,2,3,20,13,2,8,12,2,12,6,1,14
10,11,17,9,7,9,2,12,5,11,8,8,16,2,18,2,15,15,16,11,1,17
6,2,12,9,20,18,17,7,5,13,3,14,11,4,20,6,12,17,12,6,1
11,11,9,15,2,20,3,6,9,6,6,7,11,3,11,7,16,9,16,3,19,1
4,14,4,8,4,4,15,8,11,2,5,15,8,15,13,6,8,5,12,12,15
