20,25
1,20,8,12,9,18,6,13,12,3,18,3,9,16,9,12,15,7,14,20,8,15
5,1,5,11,20,10,7,20,19,3,20,8,13,8,12,15,2,20,4,6,5,15,7
8,1,17,10,2,5,17,4,11,13,9,10,2,2,12,10,17,14,20,17,5,10
6,19,1,20,6,11,5,9,16,6,12,17,10,14,5,12,18,11,15,11,7,8,19
9,10,1,19,12,4,15,14,19,4,17,18,3,18,19,14,20,9,18,7,6,15
2,4,12,1,4,10,7,9,13,16,15,14,19,17,6,12,6,11,10,14,11,17,7
8,17,3,1,19,6,9,13,9,2,15,16,12,13,20,2,7,15,4,3,3,15
12,20,4,16,1,9,3,19,2,6,2,4,20,18,17,19,3,17,9,17,8,9,18
8,5,20,20,1,6,15,3,20,9,18,4,17,11,13,9,19,20,14,2,12,3
2,11,14,16,18,1,5,12,14,17,9,3,4,7,18,16,3,2,15,19,9,3,7
9,17,12,19,12,1,9,10,7,14,7,2,14,9,2,12,20,17,20,14,3,14
3,10,16,6,14,2,1,13,2,3,2,12,15,9,11,16,6,11,6,18,6,7,15
7,16,15,13,17,5,1,6,2,18,5,2,2,15,3,8,19,19,6,10,13,20
8,18,18,15,20,5,12,1,19,17,13,16,16,16,10,10,20,8,9,20,14,19,9
11,6,10,2,13,20,9,1,16,2,16,20,19,8,7,13,13,8,4,9,4,10
7,7,3,20,19,18,12,3,1,2,18,4,20,7,13,9,10,11,7,4,15,5,3
10,20,17,2,2,17,6,4,1,12,14,4,3,8,12,20,13,16,18,10,10,13
15,18,7,14,4,15,9,14,2,1,18,10,18,11,6,13,20,20,2,19,9,19,9
19,15,20,19,9,5,12,19,5,1,9,10,5,8,14,11,15,19,20,9,7,2
7,14,9,19,18,4,20,18,19,17,1,8,18,15,4,19,19,3,11,3,17,14,5
18,14,16,19,8,9,2,16,13,8,1,18,15,10,6,12,16,6,20,14,16,8
8,6,2,17,9,19,3,19,2,4,11,1,6,18,7,14,9,14,14,2,13,20,20
3,15,20,8,13,20,16,7,10,7,7,1,9,12,17,9,17,9,18,8,10,17
18,12,19,7,3,19,6,8,19,5,12,3,1,13,2,9,7,7,5,3,7,20,11
17,19,8,20,19,9,11,8,17,10,10,9,1,4,14,4,9,3,12,6,7,3
10,20,9,16,12,5,12,16,7,17,4,2,8,1,11,13,5,17,17,12,20,5,10
20,6,13,14,11,5,19,20,8,19,18,8,12,1,10,20,3,18,5,8,12,14
17,9,9,11,13,14,7,9,7,19,7,8,7,11,1,17,13,4,17,18,17,15,16
13,15,12,14,19,18,9,11,8,3,19,20,8,18,1,8,14,12,17,2,9,2
6,7,16,3,13,20,3,3,18,15,7,2,7,9,5,1,2,7,4,17,18,5,14
15,13,4,11,16,19,9,5,7,5,12,7,6,14,10,1,12,8,6,6,19,15
10,4,19,3,5,11,19,20,15,16,7,7,3,5,18,7,1,12,2,4,2,13,4
18,20,13,14,8,19,4,5,5,8,18,7,2,17,8,11,1,9,18,17,5,20
3,3,16,3,20,4,19,7,17,14,10,17,17,8,19,14,16,1,5,18,3,2,14
13,10,15,9,11,7,11,2,6,18,6,11,14,17,15,15,10,1,14,11,5,15
10,20,2,14,6,18,17,3,14,16,10,6,10,5,15,14,12,4,1,7,2,5,19
5,13,16,6,7,2,16,20,19,9,14,17,19,12,8,6,13,12,1,9,20,11
11,16,4,6,7,9,19,20,5,16,17,15,19,2,11,14,5,13,15,1,12,20,18
12,14,12,17,10,8,4,18,13,3,13,11,2,14,3,2,13,10,8,1,18,17
12,17,15,5,19,8,18,18,10,12,8,6,9,6,12,18,20,7,18,18,1,17,5
17,5,19,16,10,2,18,14,10,18,20,17,16,16,3,7,12,9,6,18,1,2
6,4,5,4,14,20,8,17,11,20,8,4,12,5,3,5,7,17,9,9,7,1,8
14,6,12,16,19,17,12,3,3,2,19,10,7,2,2,5,18,14,20,14,9,1
5,11,13,12,12,19,19,7,6,17,14,16,9,10,9,18,6,4,8,18,11,4,1
7,4,15,14,19,2,12,10,4,4,7,16,11,15,10,10,12,11,2,7,19,15
