20,25
1,11,10,20,17,9,7,4,13,8,3,4,10,10,3,4,4,7,17,3,17,18,9
7,1,8,18,4,16,19,2,6,11,16,3,9,9,11,17,12,15,13,17,20,4,4,19
15,1,18,16,18,5,8,12,6,2,17,12,15,15,3,14,8,8,19,20,8,4,17
3,9,1,14,18,7,11,3,12,9,16,20,20,4,10,13,9,16,7,16,3,11,16,16
19,16,1,15,4,20,17,3,11,8,19,17,17,13,2,15,4,8,4,9,16,4,16
4,2,7,1,8,8,19,10,15,13,6,3,14,13,4,16,14,7,14,15,20,20,15,17
6,14,19,1,2,14,18,15,11,15,11,5,19,15,16,20,11,17,6,3,8,17,14
20,16,2,16,1,9,7,16,3,6,19,9,10,5,6,9,5,18,9,15,14,5,15,9
11,14,3,6,1,7,5,8,9,12,10,12,16,11,16,9,4,5,2,5,10,3,16
18,4,18,13,10,1,12,12,11,4,14,16,20,10,14,4,9,14,13,13,8,18,8,12
8,6,13,15,8,1,8,9,2,7,16,16,9,17,20,12,13,4,17,6,18,2,15
11,19,5,9,13,8,1,10,10,18,13,18,20,8,19,7,7,11,9,5,11,19,2,3
19,12,15,13,14,8,1,18,5,5,6,5,14,9,20,16,11,13,15,19,17,6,16
2,13,9,6,2,14,4,1,3,5,10,11,9,15,12,8,5,8,3,13,7,15,9,10
10,14,19,12,13,3,20,1,6,4,9,7,8,20,12,18,3,9,16,9,8,19,13
19,10,15,14,11,20,9,13,1,16,8,19,4,6,9,15,6,11,13,19,19,3,17,6
8,5,19,3,9,17,4,10,1,9,15,14,6,16,7,18,14,11,12,19,2,12,9
6,3,19,14,3,6,7,5,11,1,12,4,6,17,20,17,7,16,11,4,19,19,19,4
3,20,20,17,13,5,3,9,9,1,4,15,16,7,10,17,5,14,14,5,10,14,15
13,11,20,16,6,20,2,15,17,19,1,11,8,13,15,19,6,17,11,4,4,3,9,12
17,6,4,9,5,14,17,16,18,3,1,19,12,3,13,11,16,7,2,14,8,13,10
14,20,13,6,9,9,17,5,2,4,3,1,19,20,16,20,3,18,5,9,17,7,15,9
4,17,18,11,20,3,4,7,17,12,18,1,14,19,20,6,19,2,13,17,7,17,6
2,8,19,15,20,12,17,4,11,17,5,8,1,20,16,9,3,11,18,7,4,3,19,6
4,6,8,11,3,6,7,13,18,18,17,18,1,14,4,12,9,8,3,13,13,8,5
9,13,6,11,11,12,2,15,5,20,4,20,5,1,19,4,9,10,5,20,3,19,11,13
13,5,3,20,6,14,14,12,10,10,3,10,14,1,15,20,8,4,8,17,6,12,12
12,11,13,13,6,16,18,13,7,16,18,2,3,14,1,14,19,4,13,5,9,10,4,13
7,18,20,10,16,19,16,18,4,4,14,7,18,8,1,10,10,9,6,8,9,7,13
2,10,14,14,14,13,16,9,15,10,18,3,12,14,19,1,5,6,2,6,20,18,20,8
15,9,7,13,20,12,10,15,19,5,6,16,18,6,10,1,18,17,7,13,8,13,4
18,15,12,2,6,9,5,18,7,9,15,14,17,14,10,5,1,13,15,19,6,12,2,5
2,19,7,10,10,10,2,20,13,13,14,12,7,12,19,2,1,17,6,5,16,11,20
13,10,2,12,4,14,17,18,12,16,14,10,8,20,15,12,5,1,5,12,12,8,20,14
8,14,2,19,14,16,14,16,12,18,16,5,8,10,19,8,16,1,18,4,10,9,8
11,5,18,5,17,20,14,8,7,15,8,6,14,9,3,9,3,9,1,20,18,12,13,7
15,20,8,16,10,15,7,13,16,14,9,3,12,6,3,17,16,17,1,4,8,6,6
8,11,9,4,14,18,13,5,7,19,10,6,5,5,8,9,11,7,18,1,2,14,16,3
9,19,11,3,10,5,12,3,6,20,15,15,5,3,9,12,15,19,16,1,16,20,16
10,18,5,19,13,7,14,2,2,3,14,4,4,18,9,19,13,2,16,3,1,4,19,6
11,14,13,9,10,12,17,2,16,6,8,17,11,3,11,6,10,16,2,3,1,5,16
13,9,16,17,12,10,12,15,20,11,16,20,16,16,15,11,15,10,13,5,19,1,16,20
3,18,3,8,4,12,18,11,5,16,7,4,17,15,6,13,3,13,12,5,11,1,18
12,13,11,14,7,12,17,8,18,2,2,16,9,2,13,12,10,11,19,9,20,14,1,15
18,2,4,14,16,6,7,11,13,5,9,15,19,10,13,7,20,10,8,20,17,13,1
14,20,11,18,9,5,17,3,2,12,16,11,4,15,13,5,5,11,16,4,20,6,5,1
15,2,4,15,6,7,12,3,11,5,10,19,3,2,11,8,11,2,7,15,8,6,13
