20,25
1,9,16,12,17,4,8,14,20,4,4,16,2,20,10,11,18,3,10,12,17,4,10,20
7,1,11,16,15,15,10,17,12,2,7,19,16,3,11,6,8,13,15,11,11,9,7,6,18
10,1,12,20,2,14,15,12,12,11,15,17,15,15,19,4,18,8,3,16,13,3,16,19
13,11,1,7,5,15,15,12,17,19,2,2,18,8,18,15,20,10,10,19,7,17,7,8,6
8,16,1,16,7,12,2,4,18,14,9,8,4,10,9,4,3,8,17,20,14,12,12,19
4,18,6,1,2,11,13,3,7,5,14,6,18,5,15,2,2,14,19,4,7,10,16,10,9
20,7,17,1,4,13,4,2,3,18,11,4,13,12,6,14,15,12,4,6,18,20,17,15
11,12,2,8,1,13,7,19,15,4,6,7,15,20,3,4,18,2,10,17,15,15,11,18,16
5,11,9,12,1,12,11,14,2,2,11,11,7,12,8,11,13,19,9,6,8,5,17,19
9,19,9,20,13,1,14,14,4,14,16,6,12,13,20,2,18,19,17,6,17,12,19,8,15
10,12,19,13,3,1,14,9,9,17,11,6,10,8,5,3,20,15,7,14,20,14,2,20
13,17,3,6,9,18,1,2,18,19,2,4,4,4,5,18,10,2,2,19,5,19,5,20,4
12,8,18,14,17,12,1,8,10,20,6,16,6,17,17,12,2,14,15,5,18,2,5,19
6,12,9,4,5,14,5,1,9,9,11,3,16,11,3,17,7,15,15,12,19,11,17,7,14
10,12,10,13,4,13,3,1,5,9,2,10,18,13,6,5,20,17,5,18,4,11,19,2
5,5,5,6,5,7,7,12,1,18,9,15,14,19,9,3,17,4,14,2,17,16,18,20,18
11,4,9,5,8,11,6,10,1,16,8,19,6,11,7,4,20,18,10,16,5,4,8,4
19,4,19,2,12,18,18,15,11,1,12,12,10,6,19,15,17,18,6,14,13,11,16,3,12
5,3,7,4,5,17,11,8,7,1,17,17,18,7,3,10,7,2,18,19,3,5,18,7
10,2,18,6,5,3,11,3,2,19,1,10,18,10,2,16,12,20,4,20,6,17,10,4,8
9,11,8,5,18,5,6,17,16,4,1,8,9,20,9,14,20,20,4,6,5,16,2,5
3,4,12,5,12,12,19,9,4,16,2,1,13,15,18,2,18,4,14,10,12,16,11,15,4
17,5,15,12,8,15,15,7,14,10,17,1,18,6,6,11,3,10,20,17,17,11,4,20
12,13,16,2,10,3,16,11,2,4,6,11,1,19,18,18,14,9,3,14,15,4,4,18,17
10,17,5,13,17,3,17,11,4,13,17,9,1,12,17,3,14,14,3,9,15,9,4,7
19,5,9,7,10,11,15,14,5,2,8,3,7,1,8,18,7,10,2,16,7,7,15,10,3
16,9,4,18,4,5,14,20,8,20,4,11,16,1,3,15,12,19,19,12,20,18,13,2
5,13,16,3,17,13,5,5,16,8,19,11,15,17,1,11,11,11,20,11,19,7,17,4,20
2,9,13,14,10,13,3,19,18,16,18,6,3,2,1,18,3,5,7,4,5,16,4,15
15,15,19,2,17,4,17,20,6,10,18,11,16,2,11,1,18,18,14,19,20,5,14,17,12
16,16,8,12,13,4,15,17,12,9,7,11,15,12,20,1,3,20,8,3,16,17,4,13
14,7,11,19,12,5,5,4,10,19,14,4,16,6,6,2,1,7,3,4,4,14,8,16,17
11,13,12,14,11,19,19,16,3,10,5,3,11,19,16,13,1,4,14,16,5,14,10,6
2,3,20,4,12,9,14,9,11,3,15,2,9,2,2,17,17,1,6,19,2,10,9,11,15
12,17,4,5,17,15,18,3,10,4,3,5,3,16,2,11,15,1,12,14,12,12,2,5
12,7,7,16,20,12,8,8,4,19,6,9,12,8,12,8,7,12,1,14,19,13,12,2,3
12,9,12,4,9,6,4,12,13,4,12,12,6,3,11,19,10,13,1,12,4,6,8,19
10,4,6,13,20,5,11,12,10,20,10,5,6,3,11,8,5,20,5,1,7,7,8,16,8
2,20,13,8,11,10,14,9,12,12,18,12,3,5,5,9,10,17,9,1,19,16,11,5
6,20,18,14,10,17,13,12,19,5,5,6,13,5,17,8,19,15,12,18,1,19,18,17,2
14,7,9,9,9,17,18,15,4,7,18,7,4,4,13,10,2,15,8,13,1,11,17,10
16,4,19,12,11,19,7,14,5,6,6,4,9,15,6,4,9,14,2,11,20,1,5,4,19
7,10,15,18,5,7,5,14,2,16,20,10,9,9,12,14,8,10,2,9,3,1,15,20
13,10,4,10,16,2,13,13,2,9,4,19,10,3,4,19,12,15,10,11,5,6,1,12,10
8,10,8,17,3,7,9,5,11,3,19,4,2,10,18,16,4,17,19,19,17,16,1,19
6,20,2,9,8,16,6,9,10,9,11,4,4,3,19,10,19,10,19,6,4,6,9,1,12
19,15,12,11,16,7,19,18,9,14,7,10,20,7,16,16,17,19,18,12,11,2,4,1
18,19,8,5,2,15,16,2,9,17,16,11,2,9,16,14,7,20,2,3,17,10,3,7,1
10,11,6,18,19,2,18,15,6,17,7,11,15,14,11,16,11,11,13,20,2,2,12,16
