20,25
1,5,4,19,16,16,9,4,12,12,19,2,3,13,5,10,15,19,5,15,2,19,5,8,4
14,1,4,9,7,3,7,14,4,4,17,16,3,4,14,7,3,18,14,20,2,17,10,7,9,9
19,1,17,10,7,18,20,8,2,3,9,4,18,4,2,5,11,7,15,2,5,19,3,18,3
14,17,1,6,11,10,4,14,19,10,6,4,9,10,10,15,16,18,19,6,16,20,3,10,2,7
13,20,1,5,12,19,20,14,19,12,14,7,19,20,5,13,9,4,18,19,9,12,6,12,7
11,10,19,1,17,13,6,2,5,19,7,2,9,3,2,20,6,17,19,6,11,3,17,4,9,20
3,14,17,1,2,19,19,7,2,16,19,4,19,18,18,5,4,17,3,14,8,16,16,9,20
15,13,17,14,1,17,14,4,12,14,5,3,7,9,17,15,17,12,11,16,15,15,20,7,4,17
6,6,3,10,1,16,15,11,13,10,7,9,17,14,5,15,15,10,6,15,20,8,3,13,14
14,10,13,2,12,1,7,2,2,9,18,10,18,18,14,9,8,16,5,14,15,15,4,17,9,10
10,14,19,12,15,1,5,9,13,9,17,7,18,14,5,4,16,4,18,5,20,6,6,19,10
11,14,17,19,19,2,1,8,2,6,3,6,20,19,8,8,19,17,18,11,12,8,13,14,16,2
10,3,11,17,13,15,1,17,14,17,13,14,10,11,6,9,7,9,3,2,9,15,20,2,18
8,18,11,18,14,17,9,1,19,5,4,11,9,9,11,6,16,8,20,3,14,4,15,12,6,12
15,4,13,19,15,14,6,1,15,11,17,18,20,14,13,2,10,11,15,2,5,3,9,14,10
3,4,14,6,10,2,13,6,1,2,16,18,10,8,6,5,15,13,19,13,12,19,18,10,11,3
19,8,12,2,6,19,4,20,1,6,14,11,13,11,13,13,15,13,19,10,17,11,9,3,7
7,20,7,11,13,4,4,9,5,1,11,8,8,2,17,20,17,14,20,2,20,17,14,14,10,16
7,20,20,15,4,20,10,12,17,1,11,17,11,19,3,19,14,11,17,2,14,13,4,17,19
19,15,18,12,12,5,9,7,3,11,1,16,4,3,19,11,4,8,13,16,3,9,2,11,18,7
7,11,5,16,2,4,17,5,7,5,1,6,10,2,18,18,9,19,9,10,17,19,10,17,17
14,20,2,15,14,7,2,13,14,16,20,1,11,3,18,4,7,18,15,11,8,13,16,18,5,19
10,3,14,6,16,3,3,17,9,11,17,1,7,3,16,19,8,9,14,11,20,14,13,13,13
11,11,17,14,10,13,5,5,11,8,13,7,1,16,13,14,14,8,4,11,20,10,10,7,15,20
5,5,18,13,20,7,16,13,16,8,10,14,1,17,18,2,4,14,8,20,11,13,11,12,11
3,15,7,6,11,11,20,12,20,19,8,5,16,1,11,14,16,4,19,4,3,19,9,18,19,15
14,3,8,16,12,11,20,8,5,9,18,14,4,1,12,2,5,17,9,19,20,8,20,6,16
4,10,19,5,17,10,13,11,5,4,13,12,16,15,1,10,14,16,17,8,15,16,16,6,20,11
8,20,4,6,16,9,13,14,8,17,2,20,6,14,1,2,20,20,6,5,18,4,4,17,12
4,17,14,17,19,15,13,3,15,18,2,17,20,9,16,1,14,18,15,4,8,3,12,14,3,18
16,14,19,7,13,8,4,11,5,10,18,8,2,19,17,1,18,8,12,16,11,15,11,16,7
6,15,19,7,13,15,19,10,7,6,3,7,13,20,8,6,1,18,13,4,2,15,4,20,20,8
2,3,3,10,2,12,19,9,12,11,19,16,8,17,14,18,1,7,3,14,7,19,17,19,2
15,3,11,14,19,12,4,10,15,2,5,14,13,4,15,2,5,1,12,11,5,10,18,9,3,10
5,16,3,20,12,17,6,2,11,8,18,14,11,4,17,20,13,1,6,9,18,2,7,4,2
16,16,20,11,4,12,12,9,15,7,19,13,7,5,20,11,10,19,1,13,3,17,18,10,8,18
13,14,11,6,8,3,15,18,18,14,9,13,8,18,16,2,15,15,1,20,12,5,10,8,6
18,12,8,19,5,16,14,2,7,10,4,19,6,14,14,8,18,18,2,1,18,11,14,8,10,9
3,16,14,2,20,17,14,19,14,13,15,14,3,12,12,17,12,11,17,1,14,7,7,20,8
20,17,19,17,6,8,4,11,8,6,9,6,13,6,2,8,19,18,2,4,1,6,9,8,17,11
8,20,18,14,14,7,16,7,19,17,5,7,16,5,14,3,6,2,8,2,1,2,3,3,11
3,9,20,14,5,17,16,13,9,5,2,8,7,14,3,7,20,9,13,18,15,1,15,10,7,18
15,17,11,3,14,18,8,3,2,3,20,19,16,13,19,15,2,9,14,6,9,1,9,2,16
10,13,8,4,17,12,18,12,9,17,12,13,14,10,15,14,16,8,17,13,5,15,1,14,11,9
12,10,5,12,16,16,9,19,9,12,4,10,18,20,8,20,6,10,5,5,11,7,1,12,15
19,7,14,2,2,9,7,8,20,19,7,15,13,10,3,20,8,15,13,16,17,16,16,1,19,4
10,17,6,10,5,9,6,13,18,16,8,14,19,19,16,16,10,5,6,9,3,13,3,1,8
20,7,10,7,16,19,16,11,17,3,16,4,9,16,3,15,9,12,14,12,11,11,19,8,1,11
18,13,16,5,5,12,9,14,12,3,17,5,13,7,17,13,2,8,18,7,11,12,4,15,1
16,14,8,10,16,2,13,17,13,17,6,9,14,17,4,19,19,16,13,15,15,12,5,6,13,1
14,6,14,7,15,12,7,17,12,19,10,6,14,4,8,15,4,7,9,17,13,9,10,11,18
