20,25
1,12,20,18,8,19,14,8,8,19,3,6,15,10,20,6,2,5,13,7,19,19,17,20,17,19
12,1,7,18,12,9,9,17,16,2,9,3,19,19,14,12,5,9,10,20,16,7,14,5,16,7,16
17,1,7,10,14,10,3,6,15,9,7,2,19,2,15,5,13,9,2,9,18,7,2,12,7,14
14,4,1,19,9,3,7,15,10,15,12,10,19,19,4,9,18,7,7,17,4,10,19,8,3,4,15
4,3,1,9,3,14,15,4,12,5,10,3,11,18,11,13,14,18,17,18,5,3,2,18,4,11
9,11,9,1,5,3,8,5,11,7,6,10,7,11,12,13,2,8,16,8,7,9,13,7,9,13,7
16,14,14,1,20,2,4,19,11,20,10,2,14,14,9,12,15,19,12,8,8,4,19,16,2,9
16,5,7,19,1,19,17,20,19,7,15,14,4,18,6,11,9,11,9,11,5,19,20,18,16,13,6
2,13,8,18,1,13,17,19,17,6,2,20,19,18,18,15,17,20,10,2,9,18,4,5,10,3
14,6,20,3,12,1,7,4,16,4,13,7,14,7,10,4,9,5,17,10,16,17,3,8,16,16,8
20,3,14,6,5,1,12,10,7,9,16,2,19,13,19,20,9,5,5,9,8,15,18,4,5,4
17,13,9,9,15,7,1,19,17,2,20,12,13,7,8,3,6,13,18,20,3,20,3,19,14,11,6
17,8,14,18,9,19,1,18,20,17,10,17,2,4,18,11,6,7,15,17,3,20,6,16,11,12
9,18,6,7,20,14,6,1,10,17,5,15,10,12,19,3,5,8,19,18,6,10,12,9,19,7,14
15,18,4,20,8,9,17,1,3,5,11,12,2,12,15,15,17,13,10,19,3,9,7,19,7,5
16,2,14,16,7,14,19,17,1,20,10,13,16,14,9,18,8,17,17,8,11,2,6,10,13,6,18
7,16,12,10,19,6,18,7,1,17,13,8,10,4,13,13,20,20,5,2,3,20,13,10,7,3
9,7,16,11,11,4,7,17,20,1,11,14,17,18,14,18,8,20,4,15,11,3,14,6,6,13,10
13,8,19,20,19,16,20,7,18,1,18,3,5,3,9,17,16,13,11,20,8,15,3,4,12,9
6,7,12,12,15,8,9,4,2,15,1,7,5,5,15,17,2,6,2,16,11,8,12,5,4,10,13
14,15,4,7,18,8,14,18,6,15,1,10,17,4,2,18,11,14,11,14,9,16,16,5,4,11
13,17,18,20,17,18,6,14,18,3,16,1,4,2,6,17,7,17,15,17,2,17,5,16,13,4,5
15,15,2,12,10,2,15,7,20,9,6,1,2,12,7,13,6,5,10,4,12,10,11,13,12,6
19,17,5,11,4,5,11,12,15,2,8,12,1,15,13,3,9,13,20,2,13,13,20,12,9,4,17
13,18,10,10,19,3,17,15,19,12,18,12,1,19,20,19,13,10,8,10,3,6,10,16,14,10
10,10,19,12,20,18,8,2,12,10,3,13,14,1,17,17,4,12,2,3,13,4,4,7,7,17,12
15,17,2,16,4,4,3,11,4,7,7,20,9,1,6,18,14,18,4,7,18,15,20,15,17,9
10,17,2,5,7,3,7,10,15,9,10,11,12,20,1,13,14,12,19,19,18,13,6,12,5,7,16
8,9,6,14,12,7,16,15,11,8,17,12,8,14,1,2,19,8,10,9,19,12,20,6,10,4
13,17,16,18,4,20,7,7,6,6,15,10,18,4,5,1,16,10,13,15,20,18,11,13,3,12,6
20,20,3,6,19,16,2,10,3,18,10,8,12,13,13,1,20,17,13,15,9,5,15,6,10,2
5,7,12,17,20,12,18,11,17,18,13,9,13,18,14,7,1,2,13,10,20,19,10,6,20,9,6
11,6,10,10,5,19,8,18,10,4,14,17,18,2,19,17,1,9,16,2,4,16,8,4,8,18
13,15,19,16,19,9,10,16,11,15,17,19,7,5,2,20,14,1,9,20,14,3,17,14,10,9,20
17,10,4,4,19,10,6,18,16,18,4,18,18,2,8,17,17,1,6,18,19,20,15,7,10,9
9,10,8,5,14,15,11,18,3,13,8,13,17,10,11,12,9,6,1,8,7,19,4,16,2,2,4
19,18,9,16,8,16,15,10,15,6,11,13,15,4,7,7,8,4,1,14,18,14,11,9,2,6
14,20,16,18,15,6,19,2,8,13,11,12,7,20,5,10,14,3,6,1,12,15,3,4,10,19,3
7,10,20,16,12,2,16,15,19,12,17,14,11,13,6,11,3,15,10,1,16,17,10,9,10,5
10,10,18,6,7,15,20,17,5,11,20,11,15,6,5,4,14,3,6,6,1,19,18,8,10,10,18
6,5,11,6,20,6,14,6,9,14,9,3,7,5,12,12,16,6,6,14,1,13,12,16,15,4
3,7,11,3,15,5,16,3,12,11,4,8,11,15,11,6,15,3,10,17,4,1,20,17,20,13,8
19,14,2,14,4,17,15,13,15,12,10,6,8,16,9,13,14,12,5,9,15,1,20,7,10,15
9,9,13,2,2,19,14,11,14,10,9,13,12,19,5,13,10,10,2,15,2,14,1,8,19,4,19
2,14,15,16,14,20,10,8,17,20,12,2,5,10,6,16,17,20,15,13,15,13,1,16,8,3
19,11,19,20,15,3,5,15,14,2,19,4,8,4,7,12,4,18,3,19,2,6,6,1,10,14,13
16,16,5,20,17,17,2,16,2,2,5,14,3,2,4,8,4,19,2,2,14,9,15,1,20,15
17,20,13,9,16,3,16,9,18,7,20,11,12,3,14,15,4,5,4,9,8,15,14,6,1,7,10
18,13,20,2,13,6,11,5,16,14,12,3,5,8,13,8,16,2,11,20,6,19,8,14,1,18
3,5,3,17,16,7,6,17,4,6,14,2,10,18,17,2,20,3,15,17,15,20,15,12,8,1,6
11,2,8,12,7,18,14,19,10,13,13,11,15,3,5,19,17,4,5,18,4,20,10,3,5,1
10,20,19,11,18,3,12,14,8,5,14,15,5,3,2,19,15,5,11,14,7,6,2,16,12,11,1
9,14,2,20,11,16,11,10,11,10,17,17,9,18,5,7,6,18,7,7,11,17,3,4,6,9
