20,25
1,4,15,7,13,20,3,4,16,9,7,8,14,4,16,5,18,17,13,19,19,10,13,12,18,15,5
5,1,18,2,15,14,6,12,11,12,17,2,17,10,12,12,8,13,2,10,2,15,16,19,10,2,16,5
3,1,14,9,12,19,17,19,4,12,11,9,5,10,5,14,3,6,6,7,17,16,11,19,8,4,18
17,17,1,15,18,3,10,8,10,3,5,13,10,10,9,13,17,2,13,14,8,10,4,6,7,18,20,6
7,17,1,9,20,11,17,15,13,13,13,11,7,3,2,8,14,8,16,12,15,9,16,14,5,10,20
12,18,11,1,15,14,7,3,14,11,14,6,20,6,11,20,9,13,3,6,10,7,10,9,8,20,14,19
2,7,14,1,7,10,3,2,2,17,2,12,15,15,17,6,13,11,5,11,19,20,15,2,12,14,10
9,6,16,19,1,3,8,18,5,17,16,9,19,14,7,4,5,11,16,15,2,17,4,8,8,20,12,3
20,3,15,9,1,3,13,11,16,20,10,13,14,5,8,14,14,17,17,14,7,12,15,17,17,6,4
13,8,15,3,20,1,2,7,15,10,10,6,10,19,18,16,13,3,18,5,20,16,13,3,20,12,20,17
14,7,8,2,13,1,2,16,9,16,13,12,8,13,17,11,9,5,12,15,4,7,19,2,4,13,11
15,4,7,17,10,18,1,20,8,8,9,18,17,13,6,15,2,19,11,11,17,13,16,12,18,4,20,7
2,5,5,18,6,13,1,3,12,15,13,13,12,14,5,10,10,4,19,6,10,7,3,16,15,8,9
12,20,12,6,12,17,13,1,5,2,18,16,14,8,13,2,20,18,4,18,14,9,10,3,6,19,2,9
9,7,4,3,13,15,8,1,7,10,10,5,20,16,9,10,11,20,5,7,10,17,20,19,9,10,4
15,6,17,7,19,2,17,19,1,9,7,10,7,13,6,20,17,8,10,6,7,9,6,19,17,19,18,4
17,17,15,18,10,9,12,11,1,11,10,7,19,10,20,10,15,10,8,17,10,18,9,2,12,13,7
13,11,11,14,20,19,18,20,9,1,7,11,13,2,8,15,15,12,15,7,20,19,16,17,19,13,5,16
16,12,12,8,12,20,11,3,6,1,9,16,16,9,9,9,20,14,11,5,10,16,2,8,8,10,13
11,8,4,6,15,11,16,16,20,5,1,15,20,3,9,16,15,20,18,6,10,9,17,15,10,20,12,4
14,8,14,8,13,8,6,11,9,19,1,19,7,5,11,3,10,3,11,18,17,11,3,18,9,9,17
12,19,7,11,20,16,15,4,15,19,18,1,10,2,8,19,4,3,14,7,11,18,19,18,16,2,11,13
9,7,19,18,10,18,7,9,3,10,3,1,12,10,18,10,15,12,14,10,6,18,9,7,9,3,9
17,16,10,10,20,16,16,16,15,4,12,9,1,10,18,14,17,19,15,9,17,17,5,5,14,3,12,20
18,3,19,2,7,2,9,12,7,15,12,3,1,4,20,11,11,18,5,4,18,2,2,15,5,15,16
15,4,13,15,5,9,5,3,15,17,15,8,13,1,11,7,2,16,8,6,11,16,5,19,15,16,11,3
9,4,7,4,6,3,5,5,6,3,5,20,14,1,8,19,2,18,18,8,15,2,13,16,20,15,9
3,16,12,14,3,2,2,3,8,4,9,12,16,10,1,12,5,14,2,14,11,11,7,20,6,16,6,5
18,10,13,11,17,4,10,19,10,18,14,14,11,19,1,20,4,14,5,10,15,4,19,11,20,8,6
5,18,16,8,10,18,2,4,18,11,7,5,14,16,8,1,3,9,5,17,16,15,12,16,19,14,11,14
16,10,17,20,7,18,7,9,15,4,7,2,20,7,20,1,2,17,6,16,7,12,3,8,7,18,19
12,14,18,3,16,17,13,8,9,14,3,19,15,17,17,17,1,16,4,9,17,15,11,7,15,14,7,16
18,14,20,6,8,18,9,4,17,8,6,7,10,5,3,14,1,7,11,18,20,9,5,12,5,12,2
17,6,13,16,2,9,16,15,9,16,16,9,13,14,4,17,3,1,4,15,2,6,5,8,18,12,3,2
20,17,17,14,5,14,6,20,4,2,3,10,11,4,14,2,8,1,3,6,13,12,12,4,16,6,2
9,4,16,2,14,4,18,7,3,19,11,11,7,18,2,10,11,16,1,9,17,6,19,6,7,12,15,4
10,14,15,18,2,15,10,11,4,7,14,12,14,10,2,13,18,9,1,12,7,7,7,9,8,7,10
6,4,14,3,16,2,20,15,8,12,10,17,14,4,10,17,4,10,7,1,13,12,18,3,8,12,20,6
15,8,5,12,6,8,16,2,15,14,16,2,9,6,15,3,13,7,2,1,18,18,5,18,13,18,18
15,14,17,18,9,6,15,17,12,19,8,12,18,2,5,16,2,11,4,8,1,14,16,3,10,17,10,10
20,14,15,15,15,19,18,6,10,9,15,16,10,9,3,3,8,9,12,7,1,16,20,9,17,2,11
19,15,5,6,10,3,7,5,17,19,14,13,14,11,17,19,7,4,6,7,4,1,12,12,4,12,6,8
16,14,6,16,9,3,16,11,4,16,14,16,3,5,13,16,6,11,19,12,12,1,20,15,2,9,13
20,15,5,7,14,15,11,3,13,14,12,17,18,18,3,17,16,13,4,10,12,9,1,11,17,15,11,19
18,16,13,10,13,2,4,6,16,3,17,5,18,10,8,6,19,13,7,16,2,3,1,8,10,6,4
11,17,16,11,3,9,7,7,18,4,6,3,13,17,19,11,3,8,13,5,4,8,13,1,11,10,19,18
6,11,12,13,16,20,2,19,6,17,5,10,15,16,20,5,12,8,11,10,3,2,13,1,17,19,17
11,20,12,15,18,16,18,13,7,12,13,8,11,4,11,19,6,20,16,4,6,17,12,13,1,12,6,12
12,4,7,7,4,8,2,18,18,4,13,14,17,4,8,13,11,14,19,13,20,5,16,7,1,18,6
12,7,17,6,2,14,4,13,8,17,4,7,6,20,2,7,13,10,10,6,15,7,15,7,2,1,9,8
7,9,3,17,4,8,20,6,10,20,12,9,8,7,5,13,16,18,6,15,4,11,9,5,11,1,8
20,17,18,7,10,5,8,11,6,7,19,6,15,7,3,2,9,12,16,2,2,19,12,16,11,17,1,14
18,5,5,4,5,8,20,19,18,15,7,10,12,12,17,15,10,8,15,19,17,9,20,6,13,11,1
13,10,11,20,6,17,9,19,17,4,9,17,6,14,15,7,12,7,11,4,18,11,20,17,9,11,12,1
11,5,14,19,10,5,5,12,6,10,14,19,19,15,6,5,4,18,8,20,12,17,2,12,3,12,4
