20,25
1,16,15,18,9,9,19,8,10,13,14,3,3,4,4,20,14,7,7,14,15,9,7,4,16,18,4,11
16,1,12,12,7,10,8,15,19,16,9,19,8,5,2,20,17,13,9,7,4,6,2,10,7,19,9,17,13
19,1,9,20,11,20,17,12,9,19,7,16,7,14,12,7,20,16,10,6,8,11,13,14,4,17,3,8
8,19,1,2,19,16,11,5,18,18,17,13,8,6,5,9,6,19,20,17,6,12,14,11,16,14,17,15,4
16,17,1,3,11,16,15,3,12,11,20,10,12,3,10,13,2,4,11,6,11,7,7,17,14,6,9,20
15,14,5,1,17,13,9,4,14,6,17,5,20,14,19,5,13,18,10,6,9,11,20,6,8,14,6,16,8
6,20,20,1,8,7,14,15,19,10,16,16,16,11,15,19,14,7,12,14,2,12,13,14,5,7,17,11
15,5,2,8,1,15,16,3,18,14,12,6,6,10,8,14,11,10,8,13,18,4,11,15,12,9,15,17,14
16,10,8,15,1,20,11,8,19,8,18,6,4,16,16,11,6,2,17,4,3,18,19,19,13,2,9,13
12,8,4,3,16,1,11,5,16,5,4,5,20,16,6,13,16,7,11,10,20,19,4,8,20,10,19,3,13
11,12,9,20,16,1,19,12,4,20,10,5,15,10,14,7,9,16,16,15,8,15,11,15,11,5,14,15
17,8,6,3,9,4,1,5,3,13,12,9,4,20,14,7,18,4,10,3,15,3,8,4,5,10,3,14,14
13,3,20,8,8,15,1,9,5,18,9,2,13,17,20,2,5,8,12,17,20,18,14,5,5,14,9,13
13,2,9,20,4,20,10,1,11,15,15,4,13,5,14,7,16,17,3,19,20,4,20,18,6,13,18,3,3
2,16,17,3,15,7,19,1,20,17,11,10,4,5,2,2,20,15,6,14,10,5,13,2,18,15,17,7
4,19,9,9,3,5,17,6,1,20,19,14,16,7,16,13,19,18,4,11,8,8,19,14,2,6,19,4,4
2,9,15,18,9,9,13,6,1,2,8,11,16,10,9,10,15,15,3,18,20,19,17,15,6,18,18,10
4,12,2,7,13,11,17,9,12,1,6,7,18,2,5,14,13,13,9,16,19,17,19,3,8,5,15,15,18
4,19,2,18,13,10,10,15,4,1,3,5,8,14,11,12,10,15,13,10,16,16,8,19,10,18,3,9
6,4,5,2,4,3,13,2,10,19,1,3,20,8,11,14,12,2,12,9,3,3,6,12,2,8,5,10,14
13,9,5,12,13,18,12,5,12,2,1,8,10,13,3,17,6,15,18,9,14,2,4,14,14,3,14,2
16,16,5,19,13,11,19,11,8,7,16,1,8,8,4,17,9,10,10,19,5,18,6,12,13,8,15,5,14
7,9,6,3,13,12,10,20,11,20,20,1,18,15,15,5,3,15,8,14,13,13,17,16,13,7,18,8
3,10,8,20,8,9,7,13,2,19,6,12,1,6,15,6,13,14,14,15,11,3,15,2,8,18,17,9,10
17,8,10,9,18,17,20,5,6,11,19,13,1,8,18,14,9,15,13,20,15,18,20,19,7,11,8,13
18,2,14,13,12,7,13,4,7,6,9,12,8,1,17,3,14,10,20,20,2,5,18,7,17,7,7,15,4
9,2,8,11,2,3,18,14,7,17,20,11,5,1,12,2,13,14,5,20,11,18,10,7,17,7,4,3
9,7,16,7,17,2,15,2,5,12,18,14,8,10,1,16,3,7,17,18,12,11,17,17,6,18,15,8,18
9,12,19,7,2,17,11,4,5,18,8,20,16,19,1,2,13,5,12,6,3,6,18,20,7,4,7,20
4,13,3,12,10,6,8,2,11,8,10,19,18,3,20,1,6,10,11,9,15,3,15,19,6,20,12,9,17
17,11,5,2,13,14,13,17,11,19,20,10,11,7,11,1,3,4,13,18,2,16,17,3,20,4,17,9
19,17,2,6,18,18,5,17,11,16,6,4,12,3,14,7,1,17,12,18,13,9,12,5,11,20,12,17,8
12,19,14,15,18,18,17,9,11,19,15,13,17,7,9,5,1,13,15,17,20,5,17,17,2,10,14,3
16,19,11,12,16,7,19,14,16,4,13,3,9,10,18,6,13,1,4,16,16,12,13,10,13,10,5,16,20
11,2,2,2,10,17,18,6,4,11,19,20,11,16,17,7,14,1,15,16,5,15,2,2,15,10,11,16
15,15,3,4,13,3,4,3,3,3,4,20,19,18,3,18,16,20,1,20,3,4,10,6,18,6,11,6,19
5,18,8,10,12,20,20,18,5,2,14,13,18,9,10,9,19,18,1,2,5,6,2,3,17,14,9,8
11,13,13,16,19,4,4,16,20,15,3,14,14,4,4,20,10,12,7,1,4,5,19,8,10,10,19,12,4
10,9,2,16,9,4,16,15,5,4,3,13,20,14,9,3,12,11,5,1,19,19,4,10,16,11,14,18
19,15,13,5,18,16,20,9,17,4,16,9,17,4,13,11,16,17,15,9,1,11,16,8,20,6,10,10,14
7,4,5,4,5,2,15,14,12,9,9,8,18,18,5,2,16,4,3,7,1,7,6,18,15,12,3,20
7,5,20,8,16,13,6,18,4,6,6,9,12,10,11,7,3,3,9,9,12,1,13,12,16,17,6,6,2
7,13,16,10,4,12,20,11,8,19,17,19,2,2,6,13,8,20,10,15,3,1,10,4,11,7,12,10
9,4,15,19,2,2,5,17,13,10,8,16,10,6,11,18,3,5,4,18,8,18,1,7,10,18,13,16,10
11,13,4,19,15,12,13,8,20,4,5,11,6,17,15,14,14,13,12,18,7,11,1,7,20,2,15,17
16,12,5,12,6,15,2,20,3,18,16,6,11,19,8,9,10,20,4,11,7,8,7,1,16,19,12,20,11
3,9,16,18,13,16,15,8,17,10,13,14,15,6,19,13,4,9,13,5,19,17,8,1,5,9,3,14
13,8,13,7,20,10,17,4,5,11,14,4,11,13,2,17,18,11,12,3,16,12,20,9,1,7,10,12,17
4,2,7,20,15,9,18,13,14,17,14,2,20,20,6,6,9,18,13,11,12,11,17,19,1,4,10,13
20,3,4,16,8,2,18,12,13,20,7,18,5,12,8,6,7,16,12,20,20,18,4,11,8,1,17,18,19
14,3,2,3,3,15,13,14,12,7,11,9,2,6,11,19,16,16,17,8,19,20,16,8,9,1,15,13
12,18,2,14,7,8,14,4,19,13,14,8,6,13,12,6,9,2,9,10,7,5,16,10,11,12,1,8,14
13,19,4,8,6,2,16,12,5,4,9,6,9,13,15,15,16,13,5,12,6,17,8,8,13,8,1,10
18,3,10,9,7,3,11,19,16,6,2,2,6,13,3,15,10,7,11,10,17,13,2,9,2,11,18,1,16
11,13,15,13,16,5,13,20,8,11,6,15,20,15,10,4,20,20,13,19,8,3,13,19,20,11,19,1
5,15,12,16,11,10,8,18,12,18,17,19,6,8,13,19,4,14,15,13,8,11,15,6,6,12,18,18,1
7,6,2,12,4,10,14,8,20,6,17,12,9,8,6,16,12,5,8,6,9,9,4,10,12,6,18,17
