20,25
1,3,14,3,4,3,13,18,17,18,16,4,11,8,4,2,15,14,12,3,19,6,20,20,6,18,15,12,15
10,1,19,7,10,8,3,19,6,7,20,10,13,12,11,6,10,16,7,14,3,3,8,7,12,2,6,15,7,20
16,1,16,2,10,6,16,17,4,6,18,7,9,19,11,14,5,10,13,10,3,6,10,15,2,17,11,12,9
15,17,1,20,5,11,18,11,9,15,15,16,11,17,6,5,19,12,14,15,20,3,4,7,12,20,7,18,18,12
19,19,1,2,8,20,19,10,13,10,4,14,20,8,8,19,17,3,19,13,14,13,3,15,7,2,5,5,12
10,10,15,1,4,17,14,20,12,20,3,20,18,14,2,18,5,5,12,3,17,8,3,20,17,17,18,19,20,6
11,6,11,1,10,18,12,10,2,18,10,12,15,3,5,6,7,15,2,20,5,2,14,14,10,20,13,7,13
4,10,11,10,1,16,6,12,13,19,11,16,19,8,11,11,9,2,14,16,17,19,19,10,14,19,7,18,9,11
8,13,14,9,1,17,15,12,18,5,19,3,10,12,3,2,15,14,16,2,17,11,10,10,6,6,18,18,16
18,3,18,5,12,1,13,17,10,16,17,8,5,5,11,9,2,4,14,11,9,17,10,13,3,20,10,18,7,3
18,6,5,8,17,1,14,3,20,3,8,13,7,20,10,3,16,4,10,17,2,14,17,20,5,14,19,10,2
14,13,18,9,5,4,1,12,8,7,10,16,19,8,7,18,2,15,15,13,11,20,4,5,19,3,2,7,14,18
6,16,12,18,17,17,1,7,9,17,5,18,8,18,20,18,11,13,14,2,2,11,14,13,17,9,13,12,10
13,10,4,6,11,16,4,1,19,9,12,2,13,17,9,7,2,18,15,18,12,6,11,15,5,5,16,9,19,13
4,7,12,15,15,20,6,1,20,12,9,3,20,18,8,14,12,3,17,13,6,2,16,9,17,4,4,17,14
15,4,17,9,11,2,15,6,1,16,6,4,6,16,9,12,13,19,3,9,8,6,20,7,7,3,8,9,17,15
6,20,9,20,7,2,3,14,1,3,15,11,19,14,2,9,18,6,4,15,3,2,10,10,19,13,15,6,4
17,13,6,5,2,19,14,7,4,1,6,17,15,9,6,8,14,17,20,5,14,4,18,11,2,13,15,3,2,11
8,9,5,12,2,14,14,15,20,1,4,13,7,5,19,19,17,13,18,12,5,13,7,10,3,3,16,4,6
15,10,13,8,13,13,15,3,17,16,1,2,4,6,8,19,5,14,9,3,7,8,8,17,12,17,5,20,3,20
9,20,6,4,18,15,14,2,9,13,1,2,3,18,15,20,12,14,18,12,6,15,3,20,6,5,15,19,6
17,5,5,17,15,8,18,11,18,18,5,1,20,16,6,5,19,4,8,14,18,14,16,18,19,2,17,15,3,16
19,17,3,16,4,11,5,4,11,6,7,1,10,17,16,11,16,10,12,10,6,3,18,9,2,4,12,9,4
19,6,20,20,6,20,20,13,8,19,4,10,1,5,14,12,18,15,8,16,19,14,6,20,2,5,16,6,11,18
7,2,13,20,20,2,12,17,19,20,3,3,1,16,3,17,16,19,7,3,13,4,10,14,8,14,11,17,19
2,12,10,10,18,7,16,8,4,16,4,11,18,1,2,16,3,7,17,17,3,9,14,20,18,17,14,12,14,14
5,20,2,4,4,15,11,7,5,17,3,16,19,1,6,17,12,20,5,6,11,19,7,3,19,11,11,18,10
9,18,15,2,3,2,5,14,6,7,13,18,15,20,1,16,5,20,5,19,3,19,15,6,6,15,9,3,10,18
4,12,5,9,20,19,12,14,6,14,10,12,14,7,1,13,19,18,5,9,20,18,4,8,18,7,13,20,12
14,17,12,8,3,3,10,10,8,2,18,12,2,3,7,1,11,12,20,9,19,20,10,6,3,2,3,19,8,19
2,19,3,7,11,18,14,12,20,2,14,3,2,11,9,1,14,14,3,16,17,19,2,18,17,4,6,11,13
17,13,8,6,2,6,5,14,9,5,9,17,3,5,12,10,1,15,13,17,5,20,15,4,6,10,12,9,11,17
9,16,3,13,17,8,5,16,4,5,4,16,11,11,16,2,1,6,19,17,9,4,8,6,10,4,17,13,17
19,19,15,16,7,2,3,6,17,12,3,12,16,8,11,20,3,1,15,3,11,14,14,13,8,19,11,13,11,8
4,18,18,3,19,13,16,20,15,18,16,10,5,11,20,13,10,1,2,12,2,14,17,18,14,19,13,5,12
4,10,4,11,15,13,5,5,7,14,5,15,9,10,10,11,16,14,1,2,7,2,5,4,2,5,6,19,14,3
7,2,18,18,11,12,6,19,2,13,17,8,17,4,2,10,9,3,1,13,19,17,20,3,15,11,16,7,18
6,6,15,13,10,7,2,12,2,3,5,9,18,13,20,14,3,5,16,1,15,10,6,8,11,13,10,14,20,14
18,5,5,15,16,4,12,13,3,10,19,12,12,18,14,9,7,11,18,1,10,7,13,17,3,10,13,16,15
14,5,17,5,8,17,15,10,18,18,18,9,2,4,17,11,3,6,11,19,1,3,14,10,18,13,16,9,3,4
15,16,16,10,18,5,16,15,4,19,9,15,7,8,4,8,6,3,4,6,1,10,7,4,12,2,5,7,19
2,10,16,10,19,12,12,20,14,13,4,13,13,2,10,7,4,13,12,8,19,1,6,4,17,11,17,14,11,5
11,12,10,7,12,9,5,4,15,11,13,6,8,12,19,4,5,20,13,14,8,1,16,4,18,6,3,13,7
3,5,18,17,2,8,14,5,4,17,19,11,12,2,12,12,20,13,6,13,13,3,1,6,2,18,7,3,6,5
6,6,16,2,4,14,5,12,3,9,9,15,11,3,20,16,10,5,2,3,8,15,1,2,11,18,12,4,7
20,10,15,14,2,13,15,10,7,6,4,16,13,15,15,8,5,7,6,5,3,3,15,1,10,16,12,4,14,2
14,12,7,8,11,14,17,4,11,9,12,19,8,16,15,13,3,16,5,3,14,11,2,1,14,2,2,14,12
4,17,2,17,6,18,14,7,8,18,12,9,10,15,10,12,9,15,12,5,10,3,4,14,1,20,6,13,19,19
17,8,6,15,13,3,20,2,13,19,7,17,10,7,18,4,17,6,10,19,14,3,15,20,1,18,17,8,12
8,11,13,10,19,16,13,16,17,16,12,14,13,11,9,17,5,8,3,16,16,20,11,18,11,1,7,5,10,3
12,6,4,10,15,8,12,5,15,17,14,5,12,6,4,14,9,7,17,8,14,7,10,2,8,1,11,10,8
7,19,18,11,17,6,15,16,13,8,11,16,9,18,4,4,7,20,18,12,19,18,7,18,14,6,1,17,12,8
13,19,12,16,9,20,20,14,19,3,17,13,20,5,17,3,16,18,18,19,16,19,5,4,4,7,1,9,15
12,7,6,5,14,8,10,15,14,18,15,7,13,18,19,11,8,17,20,14,9,2,17,5,7,7,10,1,7,12
5,9,16,10,5,12,19,11,20,14,11,12,4,10,7,8,6,12,15,17,15,13,14,19,15,2,3,1,5
2,16,12,11,8,5,3,20,17,15,11,7,13,7,8,14,11,8,14,16,9,15,6,16,14,2,11,11,1,14
7,15,16,13,15,8,15,2,16,18,18,17,15,14,11,14,12,12,17,11,5,13,10,14,9,2,14,15,1
6,8,13,8,3,20,2,10,11,16,6,18,3,8,19,18,4,15,4,5,4,6,19,14,16,6,13,6,7,1
4,12,16,5,7,11,16,16,14,19,6,11,5,3,9,13,14,10,11,15,9,4,15,12,18,20,19,12,15
