20,25
1,7,6,4,17,16,19,12,17,8,6,13,19,5,4,7,17,6,7,7,17,6,19,9,13,20,16,9,10,4
9,1,6,7,18,17,15,10,9,3,2,4,19,15,15,15,5,12,16,9,5,12,3,6,13,3,6,4,7,4,7
16,1,20,12,18,14,15,16,8,12,13,17,13,4,6,16,7,13,10,18,14,3,13,3,15,8,2,11,5,8
17,12,1,3,2,4,8,10,10,4,3,18,2,12,6,12,9,5,10,16,17,2,14,10,6,19,12,8,17,2,2
3,3,1,6,14,17,14,8,16,8,13,17,5,8,6,20,16,20,4,11,10,20,4,17,11,17,4,14,13,12
11,10,6,1,17,18,7,18,5,18,15,2,10,2,16,2,5,2,11,8,12,18,8,7,10,15,14,13,2,20,4
7,15,18,1,9,10,15,20,5,17,8,4,6,16,17,7,3,12,3,8,4,20,13,2,2,11,5,6,12,12
20,14,8,5,1,16,14,19,16,13,14,4,5,6,11,16,7,14,2,15,3,12,4,15,3,15,7,12,15,7,8
2,2,6,13,1,20,13,12,9,14,7,8,16,2,14,2,17,3,4,13,4,19,20,13,17,6,11,18,6,8
10,4,7,5,14,1,18,18,5,8,7,3,2,7,7,18,9,18,11,18,18,16,16,12,5,18,5,13,17,16,20
10,16,5,2,17,1,17,18,11,7,8,13,4,2,14,13,13,10,4,20,15,2,2,12,17,13,4,6,18,7
14,17,11,17,16,18,1,8,13,10,2,8,2,15,17,11,15,16,17,15,13,19,12,3,4,13,8,17,2,17,6
9,2,9,15,7,18,1,7,12,20,13,18,15,15,17,15,19,5,7,7,2,13,2,4,3,14,3,20,15,11
9,9,19,12,4,12,18,1,2,20,7,15,19,14,19,8,18,7,9,18,20,19,18,5,11,19,17,12,12,10,12
5,6,9,12,13,11,2,1,8,5,4,12,8,16,5,12,6,19,18,6,2,2,6,8,3,16,13,10,7,8
3,18,6,5,4,9,4,17,1,15,15,5,4,11,15,7,5,14,14,4,12,18,15,18,8,13,3,8,6,11,20
10,10,17,5,5,10,3,14,1,8,8,15,13,9,2,15,14,20,6,8,13,16,19,18,4,15,20,8,8,9
13,5,11,6,17,5,11,11,2,1,5,5,14,5,19,18,13,12,15,17,7,10,11,4,10,17,2,16,19,2,18
17,17,19,14,12,12,19,3,8,1,2,10,3,20,10,11,18,17,17,18,20,7,18,19,13,11,18,14,12,20
20,9,3,11,13,12,20,14,19,19,1,9,18,8,14,17,11,15,2,5,5,2,20,12,12,4,6,19,12,9,15
7,8,9,9,7,8,19,15,10,2,1,11,10,8,7,4,18,7,17,16,10,12,9,8,19,6,8,15,20,6
7,20,3,13,2,16,7,14,14,14,5,1,3,13,3,17,3,6,2,7,5,16,19,14,11,9,12,12,17,2,16
11,3,19,13,6,15,5,5,6,12,9,1,20,2,18,19,6,16,13,3,2,2,15,18,7,7,13,13,9,11
11,2,7,3,8,12,5,4,3,2,4,3,1,20,6,4,17,12,3,12,20,18,13,11,8,13,16,3,14,15,3
5,15,6,8,15,19,7,11,18,16,8,3,1,19,5,3,13,6,8,9,17,6,4,7,17,2,4,7,9,3
20,14,19,20,2,19,3,9,5,3,11,18,7,1,12,9,18,8,7,4,4,2,9,2,12,17,15,7,2,15,17
17,5,19,6,10,6,6,10,3,19,19,18,11,1,5,9,20,19,19,18,14,16,20,8,10,15,13,17,17,12
11,17,9,16,5,5,11,19,6,13,6,12,18,13,1,9,6,9,15,16,2,17,7,14,9,5,2,4,8,18,3
18,14,16,8,9,5,3,12,8,11,18,3,16,7,1,11,6,16,10,6,19,9,17,20,7,2,20,7,6,7
12,20,16,7,16,17,12,15,8,8,17,20,3,19,12,1,5,20,18,20,2,10,13,4,18,7,19,3,19,6,9
12,5,3,15,16,16,3,4,12,4,8,18,3,9,20,1,13,12,8,11,13,13,15,2,13,2,20,11,19,7
2,17,16,8,15,20,15,6,8,15,15,18,12,15,16,11,1,12,14,4,5,2,15,5,20,6,14,13,5,17,18
19,4,3,10,14,9,16,5,3,19,5,19,18,8,13,2,1,11,6,8,9,5,3,4,6,13,13,11,3,18
8,18,17,3,6,13,18,9,3,11,15,16,11,9,6,15,2,1,4,14,18,8,3,12,5,12,6,8,10,8,2
14,4,15,8,4,8,5,20,4,3,18,16,11,14,15,6,7,1,7,12,5,6,6,6,6,13,12,19,15,11
8,7,16,5,11,13,11,16,18,13,5,8,5,20,7,10,4,4,1,11,10,9,18,16,9,5,2,15,6,5,4
18,7,9,20,19,12,3,2,19,19,19,9,15,4,7,11,4,3,1,8,20,20,2,8,16,18,7,6,2,5
7,19,10,8,10,8,12,13,5,16,9,6,18,18,15,18,9,20,20,1,17,10,15,11,11,14,5,19,13,10,15
19,20,17,15,7,4,18,12,5,9,19,19,15,2,19,7,3,11,15,1,4,20,16,2,9,2,19,10,11,14
2,4,7,10,12,8,2,12,12,9,3,8,13,12,16,11,16,19,11,10,1,3,16,8,4,13,11,16,16,14,3
18,4,18,4,12,18,7,12,17,15,19,12,6,11,16,8,8,17,18,9,1,3,13,6,11,2,9,17,3,2
5,14,16,20,18,9,18,15,7,11,4,7,16,14,7,11,16,5,8,15,6,1,6,8,14,20,19,16,8,19,20
14,19,16,13,17,5,16,3,8,20,4,4,13,13,5,2,14,13,11,8,20,1,16,9,2,4,20,6,12,5
2,8,15,4,11,18,20,14,8,4,16,20,14,19,12,18,4,8,6,20,18,3,1,2,12,8,6,2,11,18,3
12,6,13,4,18,3,5,20,2,2,3,3,7,9,13,4,2,5,18,15,20,7,1,14,3,7,8,18,14,11
4,11,12,16,6,18,16,14,12,19,17,8,14,11,15,16,8,3,3,20,15,4,20,1,12,14,4,9,15,4,7
17,16,20,20,6,17,8,20,3,15,2,20,6,13,10,11,12,10,8,15,5,6,19,1,17,5,19,18,10,5
9,3,12,11,20,10,18,16,19,18,8,4,8,11,12,12,12,15,15,20,4,5,20,13,1,14,6,3,10,2,18
14,12,8,9,16,20,11,16,16,6,19,16,2,10,16,7,4,10,3,5,8,17,17,4,1,15,2,4,19,3
9,8,8,2,2,15,15,2,8,12,12,14,9,14,19,14,13,16,10,11,17,11,17,15,6,1,5,13,5,13,13
13,12,14,16,12,4,5,13,14,2,4,14,12,16,9,17,14,18,11,13,9,18,3,17,5,1,19,11,12,12
6,6,20,2,16,12,20,18,4,14,10,15,13,18,3,7,13,9,7,19,7,17,9,5,19,11,1,11,14,3,3
18,8,16,14,3,7,18,10,11,11,11,6,10,2,7,14,16,10,10,6,17,19,18,4,4,18,1,15,14,10
12,19,5,15,16,12,13,2,14,3,13,10,14,3,4,3,13,12,16,9,8,17,10,19,17,14,3,1,7,19,11
9,17,2,14,10,14,12,9,14,13,7,16,13,5,9,3,6,9,16,9,3,7,19,7,14,4,17,1,8,2
10,13,12,4,10,4,8,5,20,3,5,12,12,8,11,2,19,2,6,7,14,16,17,18,17,14,19,11,1,20,3
4,2,19,12,19,15,6,4,7,7,14,15,7,11,9,15,18,2,7,2,15,6,3,12,2,7,17,8,1,3
11,19,9,13,6,5,7,14,13,2,5,15,13,14,12,20,18,13,8,10,6,7,8,20,2,16,8,17,9,1,19
14,2,12,19,15,8,9,18,19,5,12,20,4,10,18,16,5,14,5,19,13,8,16,2,2,20,13,3,16,1
2,8,8,4,4,5,5,8,5,16,16,10,8,18,19,11,17,17,17,20,4,11,6,3,5,20,20,10,12,14,1
15,12,13,3,9,6,15,20,20,5,7,12,5,7,7,20,18,4,7,17,16,19,20,14,19,14,7,7,8,3
